50
1.000000 0.000000 0.000000 0.000000 0.000000 0.000000 0.000000 0.000000 0.000000 0.000000 0.000000 0.000000 0.000000 0.000000 0.000000 0.000000 0.000000 0.000000 0.000000 0.000000 0.000000 0.000000 0.000000 0.000000 0.000000 0.000000 0.000000 0.000000 0.000000 0.000000 0.000000 0.000000 0.000000 0.000000 0.000000 0.000000 0.000000 0.000000 0.000000 0.000000 0.000000 0.000000 0.000000 0.000000 0.000000 0.000000 0.000000 0.000000 0.000000 0.000000 
3.044372 1.000000 0.000000 0.000000 0.000000 0.000000 0.000000 0.000000 0.000000 0.000000 0.000000 0.000000 0.000000 0.000000 0.000000 0.000000 0.000000 0.000000 0.000000 0.000000 0.000000 0.000000 0.000000 0.000000 0.000000 0.000000 0.000000 0.000000 0.000000 0.000000 0.000000 0.000000 0.000000 0.000000 0.000000 0.000000 0.000000 0.000000 0.000000 0.000000 0.000000 0.000000 0.000000 0.000000 0.000000 0.000000 0.000000 0.000000 0.000000 0.000000 
-0.442236 -0.149835 1.000000 0.000000 0.000000 0.000000 0.000000 0.000000 0.000000 0.000000 0.000000 0.000000 0.000000 0.000000 0.000000 0.000000 0.000000 0.000000 0.000000 0.000000 0.000000 0.000000 0.000000 0.000000 0.000000 0.000000 0.000000 0.000000 0.000000 0.000000 0.000000 0.000000 0.000000 0.000000 0.000000 0.000000 0.000000 0.000000 0.000000 0.000000 0.000000 0.000000 0.000000 0.000000 0.000000 0.000000 0.000000 0.000000 0.000000 0.000000 
-0.037398 -0.297105 -0.067352 1.000000 0.000000 0.000000 0.000000 0.000000 0.000000 0.000000 0.000000 0.000000 0.000000 0.000000 0.000000 0.000000 0.000000 0.000000 0.000000 0.000000 0.000000 0.000000 0.000000 0.000000 0.000000 0.000000 0.000000 0.000000 0.000000 0.000000 0.000000 0.000000 0.000000 0.000000 0.000000 0.000000 0.000000 0.000000 0.000000 0.000000 0.000000 0.000000 0.000000 0.000000 0.000000 0.000000 0.000000 0.000000 0.000000 0.000000 
-2.709258 -0.857808 1.054168 0.286535 1.000000 0.000000 0.000000 0.000000 0.000000 0.000000 0.000000 0.000000 0.000000 0.000000 0.000000 0.000000 0.000000 0.000000 0.000000 0.000000 0.000000 0.000000 0.000000 0.000000 0.000000 0.000000 0.000000 0.000000 0.000000 0.000000 0.000000 0.000000 0.000000 0.000000 0.000000 0.000000 0.000000 0.000000 0.000000 0.000000 0.000000 0.000000 0.000000 0.000000 0.000000 0.000000 0.000000 0.000000 0.000000 0.000000 
0.314459 0.300191 -1.500031 -0.435379 -2.211309 1.000000 0.000000 0.000000 0.000000 0.000000 0.000000 0.000000 0.000000 0.000000 0.000000 0.000000 0.000000 0.000000 0.000000 0.000000 0.000000 0.000000 0.000000 0.000000 0.000000 0.000000 0.000000 0.000000 0.000000 0.000000 0.000000 0.000000 0.000000 0.000000 0.000000 0.000000 0.000000 0.000000 0.000000 0.000000 0.000000 0.000000 0.000000 0.000000 0.000000 0.000000 0.000000 0.000000 0.000000 0.000000 
2.143006 0.785885 0.270624 -0.149791 0.826830 -1.366259 1.000000 0.000000 0.000000 0.000000 0.000000 0.000000 0.000000 0.000000 0.000000 0.000000 0.000000 0.000000 0.000000 0.000000 0.000000 0.000000 0.000000 0.000000 0.000000 0.000000 0.000000 0.000000 0.000000 0.000000 0.000000 0.000000 0.000000 0.000000 0.000000 0.000000 0.000000 0.000000 0.000000 0.000000 0.000000 0.000000 0.000000 0.000000 0.000000 0.000000 0.000000 0.000000 0.000000 0.000000 
-2.338994 -0.605207 2.003438 0.358967 1.987599 -0.560209 0.151378 1.000000 0.000000 0.000000 0.000000 0.000000 0.000000 0.000000 0.000000 0.000000 0.000000 0.000000 0.000000 0.000000 0.000000 0.000000 0.000000 0.000000 0.000000 0.000000 0.000000 0.000000 0.000000 0.000000 0.000000 0.000000 0.000000 0.000000 0.000000 0.000000 0.000000 0.000000 0.000000 0.000000 0.000000 0.000000 0.000000 0.000000 0.000000 0.000000 0.000000 0.000000 0.000000 0.000000 
0.500830 0.104026 1.051334 0.243592 0.442880 -0.767496 -0.355973 -0.798903 1.000000 0.000000 0.000000 0.000000 0.000000 0.000000 0.000000 0.000000 0.000000 0.000000 0.000000 0.000000 0.000000 0.000000 0.000000 0.000000 0.000000 0.000000 0.000000 0.000000 0.000000 0.000000 0.000000 0.000000 0.000000 0.000000 0.000000 0.000000 0.000000 0.000000 0.000000 0.000000 0.000000 0.000000 0.000000 0.000000 0.000000 0.000000 0.000000 0.000000 0.000000 0.000000 
-1.024451 -0.209900 0.118574 -0.253753 1.365805 0.333966 0.417722 1.272098 -0.867623 1.000000 0.000000 0.000000 0.000000 0.000000 0.000000 0.000000 0.000000 0.000000 0.000000 0.000000 0.000000 0.000000 0.000000 0.000000 0.000000 0.000000 0.000000 0.000000 0.000000 0.000000 0.000000 0.000000 0.000000 0.000000 0.000000 0.000000 0.000000 0.000000 0.000000 0.000000 0.000000 0.000000 0.000000 0.000000 0.000000 0.000000 0.000000 0.000000 0.000000 0.000000 
-0.160825 0.094541 0.461792 -0.188860 0.276242 -0.450197 -0.985783 0.388446 2.809128 9.855800 1.000000 0.000000 0.000000 0.000000 0.000000 0.000000 0.000000 0.000000 0.000000 0.000000 0.000000 0.000000 0.000000 0.000000 0.000000 0.000000 0.000000 0.000000 0.000000 0.000000 0.000000 0.000000 0.000000 0.000000 0.000000 0.000000 0.000000 0.000000 0.000000 0.000000 0.000000 0.000000 0.000000 0.000000 0.000000 0.000000 0.000000 0.000000 0.000000 0.000000 
-0.216170 0.008543 -0.444127 0.160343 -0.336654 0.750231 0.513611 1.304051 -1.345548 -3.888942 -0.274860 1.000000 0.000000 0.000000 0.000000 0.000000 0.000000 0.000000 0.000000 0.000000 0.000000 0.000000 0.000000 0.000000 0.000000 0.000000 0.000000 0.000000 0.000000 0.000000 0.000000 0.000000 0.000000 0.000000 0.000000 0.000000 0.000000 0.000000 0.000000 0.000000 0.000000 0.000000 0.000000 0.000000 0.000000 0.000000 0.000000 0.000000 0.000000 0.000000 
1.582733 0.453108 -2.402653 -0.210265 -0.889147 0.267683 1.720010 0.130469 -2.772187 -1.770388 -0.401660 2.116652 1.000000 0.000000 0.000000 0.000000 0.000000 0.000000 0.000000 0.000000 0.000000 0.000000 0.000000 0.000000 0.000000 0.000000 0.000000 0.000000 0.000000 0.000000 0.000000 0.000000 0.000000 0.000000 0.000000 0.000000 0.000000 0.000000 0.000000 0.000000 0.000000 0.000000 0.000000 0.000000 0.000000 0.000000 0.000000 0.000000 0.000000 0.000000 
-2.895366 -0.636584 5.455014 0.656046 4.408871 -2.310988 -1.552021 -0.056644 5.313612 7.740618 1.467612 0.297738 -1.443102 1.000000 0.000000 0.000000 0.000000 0.000000 0.000000 0.000000 0.000000 0.000000 0.000000 0.000000 0.000000 0.000000 0.000000 0.000000 0.000000 0.000000 0.000000 0.000000 0.000000 0.000000 0.000000 0.000000 0.000000 0.000000 0.000000 0.000000 0.000000 0.000000 0.000000 0.000000 0.000000 0.000000 0.000000 0.000000 0.000000 0.000000 
-1.086177 -0.303322 1.356176 -0.000219 1.317237 0.087989 0.005005 1.125707 0.160949 0.289471 0.183488 0.378932 -0.229020 0.208801 1.000000 0.000000 0.000000 0.000000 0.000000 0.000000 0.000000 0.000000 0.000000 0.000000 0.000000 0.000000 0.000000 0.000000 0.000000 0.000000 0.000000 0.000000 0.000000 0.000000 0.000000 0.000000 0.000000 0.000000 0.000000 0.000000 0.000000 0.000000 0.000000 0.000000 0.000000 0.000000 0.000000 0.000000 0.000000 0.000000 
-0.646884 -0.158545 2.453932 0.522232 2.854278 -2.266835 -1.067156 -0.853278 3.855721 8.060673 1.029101 -1.557250 -1.071671 0.530055 -8.575946 1.000000 0.000000 0.000000 0.000000 0.000000 0.000000 0.000000 0.000000 0.000000 0.000000 0.000000 0.000000 0.000000 0.000000 0.000000 0.000000 0.000000 0.000000 0.000000 0.000000 0.000000 0.000000 0.000000 0.000000 0.000000 0.000000 0.000000 0.000000 0.000000 0.000000 0.000000 0.000000 0.000000 0.000000 0.000000 
-1.263919 -0.427861 0.784765 0.628915 1.471660 0.484900 0.769734 3.223153 -2.815784 -12.214850 -1.275551 0.384853 -0.201381 -0.394551 -12.551361 0.928675 1.000000 0.000000 0.000000 0.000000 0.000000 0.000000 0.000000 0.000000 0.000000 0.000000 0.000000 0.000000 0.000000 0.000000 0.000000 0.000000 0.000000 0.000000 0.000000 0.000000 0.000000 0.000000 0.000000 0.000000 0.000000 0.000000 0.000000 0.000000 0.000000 0.000000 0.000000 0.000000 0.000000 0.000000 
0.629608 0.058324 -0.606298 0.100582 -1.375130 0.408388 -0.179392 -0.251004 -0.391535 -5.290195 -0.504916 1.288009 0.434362 -0.085675 2.138846 -0.543814 -14.463405 1.000000 0.000000 0.000000 0.000000 0.000000 0.000000 0.000000 0.000000 0.000000 0.000000 0.000000 0.000000 0.000000 0.000000 0.000000 0.000000 0.000000 0.000000 0.000000 0.000000 0.000000 0.000000 0.000000 0.000000 0.000000 0.000000 0.000000 0.000000 0.000000 0.000000 0.000000 0.000000 0.000000 
-2.195644 -0.754381 0.119941 0.406217 0.783835 -0.307010 -0.160729 -0.275269 -0.302195 -2.303056 -0.360302 3.041590 1.332179 -0.322173 14.330627 -1.788582 -36.345165 2.465230 1.000000 0.000000 0.000000 0.000000 0.000000 0.000000 0.000000 0.000000 0.000000 0.000000 0.000000 0.000000 0.000000 0.000000 0.000000 0.000000 0.000000 0.000000 0.000000 0.000000 0.000000 0.000000 0.000000 0.000000 0.000000 0.000000 0.000000 0.000000 0.000000 0.000000 0.000000 0.000000 
-1.512953 -0.583051 2.088420 0.916950 1.718349 -0.427522 -0.714515 1.310523 0.761529 -5.912969 -0.022294 -2.894154 -1.930183 -0.150252 -12.137984 1.121198 33.760701 -2.208075 -1.478662 1.000000 0.000000 0.000000 0.000000 0.000000 0.000000 0.000000 0.000000 0.000000 0.000000 0.000000 0.000000 0.000000 0.000000 0.000000 0.000000 0.000000 0.000000 0.000000 0.000000 0.000000 0.000000 0.000000 0.000000 0.000000 0.000000 0.000000 0.000000 0.000000 0.000000 0.000000 
-2.623926 -0.593214 2.444864 -0.032753 2.767963 -0.593075 0.052302 1.636651 0.923346 2.358433 0.493445 4.764254 1.001620 0.412677 22.981514 -2.595969 -3.546307 0.247104 -3.811986 1.370209 1.000000 0.000000 0.000000 0.000000 0.000000 0.000000 0.000000 0.000000 0.000000 0.000000 0.000000 0.000000 0.000000 0.000000 0.000000 0.000000 0.000000 0.000000 0.000000 0.000000 0.000000 0.000000 0.000000 0.000000 0.000000 0.000000 0.000000 0.000000 0.000000 0.000000 
1.376660 0.123641 -2.391797 0.214681 -3.701348 1.637909 0.301181 -0.301761 -2.258989 -4.605302 -0.742992 -0.905792 0.398636 -0.411560 -5.746281 0.410404 7.018914 -0.460296 0.309954 0.147251 -0.322356 1.000000 0.000000 0.000000 0.000000 0.000000 0.000000 0.000000 0.000000 0.000000 0.000000 0.000000 0.000000 0.000000 0.000000 0.000000 0.000000 0.000000 0.000000 0.000000 0.000000 0.000000 0.000000 0.000000 0.000000 0.000000 0.000000 0.000000 0.000000 0.000000 
-0.780433 -0.121733 -0.414501 -0.260395 0.352772 0.987966 1.416679 1.723991 -3.424726 -6.115505 -0.860249 0.617338 0.602450 -0.180980 4.389566 -0.359157 -6.186416 0.394067 1.588745 -0.596088 -0.291025 0.186726 1.000000 0.000000 0.000000 0.000000 0.000000 0.000000 0.000000 0.000000 0.000000 0.000000 0.000000 0.000000 0.000000 0.000000 0.000000 0.000000 0.000000 0.000000 0.000000 0.000000 0.000000 0.000000 0.000000 0.000000 0.000000 0.000000 0.000000 0.000000 
0.065233 0.091387 1.367102 0.252948 2.227407 -0.818082 0.464356 0.807623 -0.044941 2.932123 0.163582 2.433958 0.972971 0.191672 8.091897 -0.873052 -1.294644 0.087839 -1.873399 0.464568 0.551894 1.951279 -3.026298 1.000000 0.000000 0.000000 0.000000 0.000000 0.000000 0.000000 0.000000 0.000000 0.000000 0.000000 0.000000 0.000000 0.000000 0.000000 0.000000 0.000000 0.000000 0.000000 0.000000 0.000000 0.000000 0.000000 0.000000 0.000000 0.000000 0.000000 
0.016989 0.206341 0.417513 -0.178348 0.147582 0.578666 -0.816014 1.109004 1.871181 10.198126 1.132551 -0.225959 -0.217656 0.182166 0.025867 0.043913 26.839746 -1.790464 -0.956782 0.567390 0.012713 1.309027 -0.593719 2.110753 1.000000 0.000000 0.000000 0.000000 0.000000 0.000000 0.000000 0.000000 0.000000 0.000000 0.000000 0.000000 0.000000 0.000000 0.000000 0.000000 0.000000 0.000000 0.000000 0.000000 0.000000 0.000000 0.000000 0.000000 0.000000 0.000000 
-0.866858 -0.232827 -0.097999 -0.332397 0.575385 -0.630229 -0.482778 -0.252264 1.940557 9.978650 0.939561 1.692206 1.215816 -0.373688 26.721958 -2.560805 -33.593414 2.201246 -0.556661 0.461334 0.250254 0.171544 -0.799342 -3.187372 -1.856441 1.000000 0.000000 0.000000 0.000000 0.000000 0.000000 0.000000 0.000000 0.000000 0.000000 0.000000 0.000000 0.000000 0.000000 0.000000 0.000000 0.000000 0.000000 0.000000 0.000000 0.000000 0.000000 0.000000 0.000000 0.000000 
0.382429 0.033074 -1.810113 -0.152674 -2.182406 -0.191521 -0.739810 -1.644827 0.862762 2.710425 -0.131327 1.063278 1.754134 -0.950454 23.978832 -2.680220 -43.597270 2.896327 -0.602582 0.652699 0.222898 1.285394 -3.643211 -6.691315 -4.618587 -2.811794 1.000000 0.000000 0.000000 0.000000 0.000000 0.000000 0.000000 0.000000 0.000000 0.000000 0.000000 0.000000 0.000000 0.000000 0.000000 0.000000 0.000000 0.000000 0.000000 0.000000 0.000000 0.000000 0.000000 0.000000 
-0.498405 0.009696 1.976784 -0.354462 2.672977 -1.994396 -0.293923 -0.863487 2.907581 15.513277 1.390323 0.425275 0.487569 0.345773 8.058769 -0.451029 3.852373 -0.319251 3.322552 -1.101928 -0.760583 -2.485657 6.714813 -2.685935 -0.934596 2.649604 -0.493518 1.000000 0.000000 0.000000 0.000000 0.000000 0.000000 0.000000 0.000000 0.000000 0.000000 0.000000 0.000000 0.000000 0.000000 0.000000 0.000000 0.000000 0.000000 0.000000 0.000000 0.000000 0.000000 0.000000 
0.280921 0.335165 0.527406 -0.730074 1.907893 -1.350787 -0.529719 -0.363076 2.828116 16.871253 1.410938 -1.015131 0.384243 -0.033107 12.580761 -0.968661 -4.046758 0.212026 3.779459 -0.803166 -1.045228 -2.150068 8.201623 -5.308779 -2.445327 2.256385 -0.190580 0.777902 1.000000 0.000000 0.000000 0.000000 0.000000 0.000000 0.000000 0.000000 0.000000 0.000000 0.000000 0.000000 0.000000 0.000000 0.000000 0.000000 0.000000 0.000000 0.000000 0.000000 0.000000 0.000000 
-1.812002 -0.500675 1.797206 0.328994 0.887270 0.095248 -0.218102 0.969650 0.472175 -3.100381 0.191055 0.574482 -1.124931 0.599626 -15.696574 1.457846 35.910714 -2.360290 -3.903554 0.708221 1.010347 1.886297 -7.511927 7.053774 3.333835 -0.911271 -0.181551 -0.888547 1.737297 1.000000 0.000000 0.000000 0.000000 0.000000 0.000000 0.000000 0.000000 0.000000 0.000000 0.000000 0.000000 0.000000 0.000000 0.000000 0.000000 0.000000 0.000000 0.000000 0.000000 0.000000 
1.393450 0.372559 -1.069811 0.001597 -0.232923 -1.006130 -0.308265 -1.933537 1.157365 6.941940 0.351922 1.505478 1.273134 -0.095299 11.449290 -1.232356 -44.465246 2.941933 1.265859 -0.378875 -0.227893 0.242663 -0.784652 -6.358034 -4.100365 -2.416907 0.881739 -0.460986 5.476045 16.282016 1.000000 0.000000 0.000000 0.000000 0.000000 0.000000 0.000000 0.000000 0.000000 0.000000 0.000000 0.000000 0.000000 0.000000 0.000000 0.000000 0.000000 0.000000 0.000000 0.000000 
0.272966 0.139990 0.424800 0.163288 -0.140243 -0.224145 -0.104181 -0.940217 0.084828 -8.413933 -0.434625 0.260899 -0.961225 0.431740 -8.704360 0.712115 -3.771900 0.289621 -3.119427 0.748197 0.857282 -0.909313 -1.540978 1.142841 0.846995 -0.984363 0.448862 -1.550395 10.022937 17.471718 1.368053 1.000000 0.000000 0.000000 0.000000 0.000000 0.000000 0.000000 0.000000 0.000000 0.000000 0.000000 0.000000 0.000000 0.000000 0.000000 0.000000 0.000000 0.000000 0.000000 
1.009028 0.146114 0.959101 0.239061 0.288132 -1.066128 -0.734282 -1.204173 2.312848 7.803850 0.655417 -1.097230 0.056360 -0.133853 -0.468738 0.080032 7.351028 -0.493471 1.430292 -0.276695 -0.379615 1.590907 -1.063925 1.603655 0.550727 -0.279776 0.051974 0.497878 -5.468645 -1.235219 -0.290849 -0.739633 1.000000 0.000000 0.000000 0.000000 0.000000 0.000000 0.000000 0.000000 0.000000 0.000000 0.000000 0.000000 0.000000 0.000000 0.000000 0.000000 0.000000 0.000000 
-0.412750 -0.044001 -0.899942 0.118322 -1.597206 0.865752 0.534207 0.164077 -1.538251 -4.923076 -0.518182 2.254650 0.787362 -0.086289 5.930981 -0.898456 -8.799885 0.608449 -2.414416 0.630926 0.660619 2.423796 -6.136320 1.182748 -0.108930 -2.062650 0.541281 -0.655291 -0.652749 3.197194 0.134824 -0.166009 0.685588 1.000000 0.000000 0.000000 0.000000 0.000000 0.000000 0.000000 0.000000 0.000000 0.000000 0.000000 0.000000 0.000000 0.000000 0.000000 0.000000 0.000000 
-0.135223 0.050948 -0.352450 -0.500573 -0.590724 0.738877 -0.156828 1.098388 0.034921 1.739537 0.437438 -2.599649 -1.257701 -0.049173 -7.502447 0.953489 44.947240 -3.005360 1.109716 0.190414 -0.605187 -1.422345 5.712140 2.524472 2.227054 3.010890 -0.782810 0.436587 -1.035799 -19.124346 -1.121092 0.246911 -1.088498 -18.532805 1.000000 0.000000 0.000000 0.000000 0.000000 0.000000 0.000000 0.000000 0.000000 0.000000 0.000000 0.000000 0.000000 0.000000 0.000000 0.000000 
-1.658221 -0.372543 2.627337 0.413573 2.664830 -0.854590 -0.171617 0.419265 0.581556 -1.901331 -0.125354 1.836514 0.213320 0.376238 2.539690 -0.437471 -22.809640 1.538025 0.282857 -0.383822 0.137758 0.292818 -1.616491 0.621108 0.157690 -2.124406 0.305694 -0.089907 -1.840673 -11.478586 -0.741382 -0.097847 -0.698561 -12.924026 0.779802 1.000000 0.000000 0.000000 0.000000 0.000000 0.000000 0.000000 0.000000 0.000000 0.000000 0.000000 0.000000 0.000000 0.000000 0.000000 
1.687382 0.513098 -2.119708 -0.618738 -2.385083 1.107880 0.555516 -0.284343 -1.175317 0.450926 -0.022976 1.024255 0.649703 -0.004955 12.068429 -1.108949 0.373868 -0.054073 0.676890 -0.082494 -0.214791 -2.255694 6.322458 -0.003681 1.009218 2.287646 -0.594764 0.516413 -2.476298 4.266367 0.223033 -0.231113 0.489951 10.200917 -0.493876 4.230014 1.000000 0.000000 0.000000 0.000000 0.000000 0.000000 0.000000 0.000000 0.000000 0.000000 0.000000 0.000000 0.000000 0.000000 
2.169933 0.527518 -0.620894 0.157720 -1.030721 0.199295 0.052425 -0.875604 -0.498324 -5.758772 -0.480575 0.241957 -0.168452 0.157261 -1.902830 0.058604 -17.699382 1.202325 0.274454 -0.120997 0.055171 3.321818 -6.766401 4.591046 1.842169 -2.240992 0.211807 -0.264906 -7.826220 -21.349331 -1.544203 -0.703515 -0.017481 -14.189347 0.788204 -6.955477 -0.669501 1.000000 0.000000 0.000000 0.000000 0.000000 0.000000 0.000000 0.000000 0.000000 0.000000 0.000000 0.000000 0.000000 
1.444512 0.349962 0.974310 0.287256 0.259133 -0.683388 -1.466944 -1.320671 3.123628 2.081580 0.683968 0.828223 -0.893411 0.742267 -5.184726 0.385617 6.159131 -0.380999 -2.538066 0.718448 0.583929 0.181334 -2.482665 1.036916 0.417241 -1.859785 0.213424 -0.216906 0.821588 1.588636 0.079552 -0.085167 -0.322437 -0.358009 -0.059425 -14.776638 -1.738023 1.079834 1.000000 0.000000 0.000000 0.000000 0.000000 0.000000 0.000000 0.000000 0.000000 0.000000 0.000000 0.000000 
-0.123604 0.045102 0.959110 0.339611 -0.142576 -0.058875 -0.082254 -0.700070 0.010407 -11.165760 -0.454757 0.616636 -1.579321 0.741014 -19.128909 1.741950 27.155421 -1.760106 -5.593430 1.118692 1.523739 0.279538 -6.388589 4.155752 1.936335 -2.154330 0.469925 -1.920682 12.507486 27.055664 1.943487 1.033197 0.142908 6.224961 -0.351364 5.521741 0.552178 -0.747460 0.264964 1.000000 0.000000 0.000000 0.000000 0.000000 0.000000 0.000000 0.000000 0.000000 0.000000 0.000000 
1.028485 0.515202 -1.543225 -0.627333 -0.101291 0.122964 0.758114 0.245461 -1.063415 8.058016 0.142190 -0.119757 1.227879 -0.191455 6.187865 -0.422460 5.470028 -0.415194 1.467782 -0.416320 -0.403109 -1.063216 4.666068 -2.659516 -1.146157 -0.648516 0.101027 0.780441 -2.082958 -6.831897 -0.376850 0.036648 -0.472080 -1.194262 0.114634 -3.649422 -0.395145 0.394507 0.211921 -0.365460 1.000000 0.000000 0.000000 0.000000 0.000000 0.000000 0.000000 0.000000 0.000000 0.000000 
-0.371604 -0.221035 -0.923206 0.188521 -0.420580 0.018297 1.190720 0.304162 -2.210283 -7.132803 -0.775397 0.586663 0.476462 -0.460792 7.325520 -0.850311 -6.707901 0.453283 0.112866 0.217909 -0.092776 -2.565902 4.851760 -2.884215 -0.885070 -0.135403 0.162159 -0.689318 9.725634 33.984210 2.269032 0.471506 0.160542 23.624215 -1.394102 -3.005721 -0.114894 0.052794 0.558462 -0.513333 -12.377027 1.000000 0.000000 0.000000 0.000000 0.000000 0.000000 0.000000 0.000000 0.000000 
-1.909613 -0.607957 1.594302 0.418274 1.105061 -0.633092 -0.730865 0.025895 1.612195 -0.013362 0.184550 -0.118400 -0.506908 0.050950 -9.259976 0.812982 18.838207 -1.213359 -1.732293 0.484109 0.390266 0.416506 -1.591286 0.729731 0.150037 0.024018 0.140046 -0.458618 6.360675 24.416913 1.619674 0.372154 0.857079 16.546471 -0.986466 -1.356201 -0.459119 -0.311534 0.075182 0.324710 -9.822157 0.821118 1.000000 0.000000 0.000000 0.000000 0.000000 0.000000 0.000000 0.000000 
-1.765581 -0.543461 1.087424 0.516585 1.314877 -1.208231 -1.125511 -0.890414 2.789819 3.411385 0.546454 -1.713782 -1.315922 0.296208 -17.599814 1.735629 7.533019 -0.473524 1.395363 -0.431196 -0.375841 -2.341033 4.325512 -0.445986 0.373590 1.627120 -0.341878 0.157957 2.407206 0.525908 0.116374 0.293910 -0.228293 11.954155 -0.800479 -14.270882 -1.594124 1.327858 0.081341 -1.155792 -6.476041 0.458500 -1.153437 1.000000 0.000000 0.000000 0.000000 0.000000 0.000000 0.000000 
-0.328499 -0.182783 0.133730 -0.052989 -0.875843 0.407055 -1.189618 -0.155055 1.726080 4.935839 0.453073 1.325179 0.763871 -0.285750 13.040782 -1.407259 -12.964575 0.851068 -0.915313 0.145063 0.331524 -0.700074 -0.199400 -1.769405 -1.069335 2.339469 -0.395562 -0.157956 5.315486 9.580993 0.586961 0.176677 -0.020186 17.836463 -1.131078 -6.712188 -1.537182 -0.701070 0.969369 0.721989 -17.484576 1.477561 1.768812 0.663352 1.000000 0.000000 0.000000 0.000000 0.000000 0.000000 
-1.262926 -0.372812 0.946587 -0.218876 1.735449 -0.484086 -0.642018 0.707626 1.389077 5.929663 0.487798 -3.238014 -0.939626 -0.083690 -12.231322 1.408649 19.254777 -1.273763 3.088864 -0.560598 -0.959247 -1.186819 6.501225 0.128197 0.793739 2.776932 -0.592785 0.819906 -2.249919 -0.690959 -0.070264 -0.132129 0.551406 15.892290 -0.939427 -2.837445 -1.080705 -0.493625 -0.226711 -0.537909 -16.326609 1.265055 0.030751 -2.992315 -8.219285 1.000000 0.000000 0.000000 0.000000 0.000000 
-0.406757 0.081598 -3.190280 -0.969887 -3.041173 1.359264 1.518086 -0.981108 -2.971258 -6.648897 -0.682640 1.911571 0.790213 0.027537 12.430065 -1.258886 -1.660839 0.078623 -2.482536 0.522756 0.704473 0.018916 -1.436046 0.069287 -0.099026 0.101204 0.210089 -1.008120 4.248072 10.251802 0.642177 0.147176 0.567385 -10.659943 0.694191 15.373737 1.959440 -1.114726 -0.437752 1.550010 7.263445 -0.576887 0.800400 -1.141774 -0.983599 0.091991 1.000000 0.000000 0.000000 0.000000 
-1.905201 -0.451425 1.380642 -0.045166 1.640402 -1.049918 -0.639741 -0.912133 2.331351 8.805068 0.900142 2.560137 1.007016 0.235111 24.417059 -2.481083 -3.960302 0.227453 -2.041364 0.891437 0.550717 -0.243509 1.189514 -2.294390 -1.325570 -1.251943 0.285275 0.140991 1.443706 5.367267 0.393236 0.120442 -0.166437 10.751471 -0.645344 -9.467670 -0.815364 0.884540 0.650926 -0.638755 -2.412767 0.124958 -0.644650 0.691867 0.771441 -0.082544 -0.976359 1.000000 0.000000 0.000000 
-0.247232 -0.213631 1.594508 0.313024 -0.108009 0.198635 -1.115929 0.655172 1.529820 -4.660954 0.074487 -2.430811 -2.027316 0.323655 -20.792181 2.216210 29.098125 -1.915963 -0.754110 0.129158 0.049036 0.915438 -2.416075 2.438075 1.152937 1.369948 -0.470051 0.652944 -5.951831 -17.184044 -1.208340 -0.415831 0.263846 5.647336 -0.477021 -18.580594 -2.817922 1.016452 0.250110 -0.818440 -0.956537 -0.194353 -2.252225 -2.769010 -10.203611 1.192589 -0.259083 0.768375 1.000000 0.000000 
1.602338 0.146173 2.565092 0.991676 -0.954795 -0.559838 -2.449183 -1.755223 4.206437 -6.488357 0.358877 -1.693821 -2.531886 0.639215 -13.679805 1.108375 11.855670 -0.737179 -3.464018 1.147218 0.791071 0.569042 -4.132698 5.915346 3.442690 -0.561820 -0.285328 -0.415557 -4.194438 -22.203528 -1.422692 -0.089587 -0.813612 -16.395554 0.921172 4.100293 0.421457 -0.164137 -0.468514 -0.272000 -2.912441 0.181066 1.038710 -1.434010 -1.979857 0.237457 0.599785 -0.355277 -1.855765 1.000000 
0.673699 2.432639 0.503815 -1.882711 -1.032493 -1.086271 0.627617 -0.007321 -1.775802 -1.420511 1.104779 0.664417 1.026191 -1.576337 0.801149 -0.641124 -0.190961 1.635242 -0.426596 -0.951470 0.269837 -0.689093 1.581538 -1.565319 -0.475337 0.314477 -1.239204 0.004117 -0.027177 0.068797 -0.691691 -0.944734 -1.596574 -1.107713 -2.108524 -0.692171 2.164180 -0.653685 1.303729 2.044354 -1.084210 0.269324 0.217244 -0.961061 -1.556246 -1.208712 0.873312 1.298637 -0.260584 0.549433 
0.000000 -8.451755 -0.348783 6.181179 1.982123 2.299458 -2.966999 -0.605050 5.575553 4.669749 -2.556716 -1.749310 -5.075454 3.079240 -3.508234 1.084436 -0.064704 -3.396200 2.340471 0.895324 0.617415 1.084862 -5.608903 3.149718 2.691257 -2.044597 5.045547 -0.255647 -0.981156 0.060652 2.574699 2.574157 2.611742 4.161443 7.922973 2.276852 -6.686959 1.894973 -4.351420 -6.736373 3.161454 -3.001651 -1.942679 2.984669 5.415339 3.081000 -1.958627 -2.565840 1.625188 -3.076362 
0.000000 0.000000 0.684708 -0.763982 1.108639 -0.346004 1.690254 -0.624896 0.425601 1.266635 -1.009808 0.078056 0.900747 -2.288400 0.897448 -0.288874 1.837248 -1.427145 -0.548431 -0.198411 0.369280 1.261703 0.570918 -0.942436 -0.360628 0.539311 2.101011 -1.238367 -2.250972 -1.599553 -0.246698 -0.062957 -1.291832 0.394514 1.018864 -0.341562 0.262581 -0.744612 1.775018 -0.582926 0.176515 -0.873840 0.286775 0.380667 -0.176626 -0.837813 -1.796465 1.569320 0.151155 0.176995 
0.000000 0.000000 0.000000 3.886579 -0.625401 0.558112 -1.153244 0.623435 -1.127901 3.605597 1.206126 0.021001 -3.205335 1.675131 0.547626 1.141846 -0.103059 -0.977568 -0.107408 3.247080 -0.372063 0.302923 -1.451878 -0.026368 0.072341 -1.972366 0.951375 1.059041 -0.508403 -1.807054 0.976458 2.022465 2.863455 0.892218 2.176697 0.748893 -1.671068 0.954694 -0.835892 -1.835065 -0.332790 -0.520025 -0.124397 -0.926225 0.494484 2.063083 1.299202 -0.954078 0.820397 -2.506999 
0.000000 0.000000 0.000000 0.000000 -1.428348 -1.112993 -1.495453 -1.369588 -0.972197 -0.404149 2.472604 -0.490242 -2.413666 -0.514854 -3.709741 -0.582021 -1.797969 4.290145 1.350207 -4.563680 0.819864 -2.173847 -1.134207 -0.871076 0.116393 -0.298157 -0.594583 2.205006 1.095280 1.489499 0.507997 -0.948334 -0.993013 0.821874 0.928973 -1.170341 2.105149 1.727492 -2.374629 0.394877 1.210292 -0.688348 -0.701529 0.691274 2.088140 -1.327068 2.083720 0.586740 0.325581 -1.058177 
0.000000 0.000000 0.000000 0.000000 0.000000 -2.290475 -0.889458 -2.826646 -3.717207 1.146207 6.572376 -1.683423 -4.172875 -2.805338 -7.121564 0.004795 -1.525563 5.943766 1.895310 -9.739264 3.062934 -2.514051 -0.432638 -5.111991 -2.163910 -1.506620 1.258557 3.055523 -0.789914 -0.418345 -0.064839 -1.650589 -2.839663 3.234659 2.839373 -2.307763 5.342155 1.420869 -0.726946 0.654767 1.277752 -2.948411 -0.021447 -0.798574 2.976742 -3.944181 1.513632 3.436262 -0.086070 -1.639114 
0.000000 0.000000 0.000000 0.000000 0.000000 0.000000 2.035963 -0.500268 -5.615322 -0.738313 7.036512 -2.539547 -3.081267 -2.253803 -5.272142 -0.789465 -1.039122 4.285483 -0.163973 -7.549933 2.697304 -1.685662 2.409312 -4.325154 -3.781428 -2.427956 2.855397 2.493992 1.822030 -2.045358 -0.620558 -0.528035 -0.792540 3.399377 2.297965 -0.877178 5.862998 2.974516 0.502516 1.576777 0.796630 -1.173369 1.744129 -2.357438 1.386221 -4.197126 1.368580 1.984653 -1.121691 0.501364 
0.000000 0.000000 0.000000 0.000000 0.000000 0.000000 0.000000 2.062380 0.570163 -1.167481 -0.575610 0.281454 0.955727 2.636714 1.510081 0.703277 0.081573 -0.682346 -0.895920 2.479842 -0.193959 -1.641911 1.060819 0.027463 -0.559976 -0.656222 -2.886769 -0.608951 -0.620973 1.305934 -1.042358 -0.429492 -1.627939 -1.062103 -4.321499 2.568480 -2.123037 -2.149944 2.365873 1.768678 -2.698640 0.427765 0.360519 -2.808014 -4.535225 0.017748 0.794949 -0.336790 -0.219612 1.894344 
0.000000 0.000000 0.000000 0.000000 0.000000 0.000000 0.000000 0.000000 -3.194669 -1.574220 6.985301 -2.050056 -2.548259 0.634195 -5.319383 1.165808 -3.509467 5.056530 0.767313 -7.716667 2.903796 -2.439727 0.850369 -0.527568 -3.917671 -2.399097 -3.468742 2.174322 -0.336337 1.397495 -2.528126 -0.317476 -2.351302 2.761523 -3.769333 0.507379 2.589310 0.819471 -0.321686 1.914371 -1.877807 -2.215506 -0.756500 -2.842297 -1.010193 -0.649647 1.810900 -0.289436 -1.778370 1.360337 
0.000000 0.000000 0.000000 0.000000 0.000000 0.000000 0.000000 0.000000 0.000000 0.389425 0.457467 -0.126518 1.766348 -1.892901 3.626156 -0.368851 0.262549 -2.098219 -0.410282 2.058976 -0.847760 4.835573 1.214369 3.553003 -0.860342 -1.079573 -0.001760 -0.449761 0.961284 -1.254064 -2.944205 1.046645 1.302084 0.715873 -0.588948 1.642731 -1.464877 1.387224 0.196317 -2.499554 -1.699275 -0.814027 -1.199549 1.850059 -0.417890 3.794677 -0.775850 -2.021523 -1.897679 -0.250417 
0.000000 0.000000 0.000000 0.000000 0.000000 0.000000 0.000000 0.000000 0.000000 0.000000 -13.138960 3.732819 -14.492877 13.618158 -30.200082 -0.033500 4.811361 14.298548 2.511803 -9.385469 4.430622 -44.087098 -12.395263 -39.723459 14.899020 15.363321 13.130812 2.051029 -6.251024 6.611725 34.036202 -11.015988 -8.012209 -10.108109 20.570920 -19.956734 15.918489 -10.765354 -1.578124 21.259283 22.529310 9.921836 15.440437 -14.007828 7.580447 -40.281144 6.895198 23.245133 21.592891 -3.125387 
0.000000 0.000000 0.000000 0.000000 0.000000 0.000000 0.000000 0.000000 0.000000 0.000000 0.000000 0.566560 3.137811 -4.763730 4.750010 0.280356 -0.006039 -0.738482 0.785724 -0.907462 0.851687 8.242752 -0.902474 7.076824 -0.686317 1.024092 0.162396 -0.830620 1.660136 0.493061 -4.423068 2.776644 2.643894 2.323981 -0.196595 0.489367 0.137059 4.742239 -3.881231 -4.989546 -0.669174 -1.314015 -3.595118 6.308885 2.503983 6.544912 -1.483456 -3.472537 -3.464284 -0.013359 
0.000000 0.000000 0.000000 0.000000 0.000000 0.000000 0.000000 0.000000 0.000000 0.000000 0.000000 0.000000 -8.544292 13.366524 -20.828713 2.558558 -2.412354 8.120957 0.014689 -9.734355 3.760639 -28.059306 -0.767773 -18.392411 0.900300 1.271601 -4.924967 2.251249 -12.903858 3.852794 11.560369 -7.620624 -12.982374 -4.632284 -3.260228 -3.252160 -0.113171 -14.486713 7.953037 15.036192 2.890306 -0.290806 7.329092 -16.895356 -8.915391 -19.285738 3.741998 11.672837 9.962060 2.570213 
0.000000 0.000000 0.000000 0.000000 0.000000 0.000000 0.000000 0.000000 0.000000 0.000000 0.000000 0.000000 0.000000 14.596753 -0.101661 0.412197 0.440183 -6.415284 -2.572056 6.622565 -2.921205 -9.905590 9.810408 -9.119702 -0.398395 -7.291786 -10.996595 0.029652 -7.565244 -2.255734 0.240586 -3.838285 -6.429989 -6.703449 -10.200732 7.629554 -9.904158 -18.556093 16.600305 9.677245 -7.405271 3.094079 6.165537 -15.627063 -17.595033 -4.470080 -1.351670 4.211508 1.738491 5.618839 
0.000000 0.000000 0.000000 0.000000 0.000000 0.000000 0.000000 0.000000 0.000000 0.000000 0.000000 0.000000 0.000000 0.000000 0.532011 1.329999 -0.261908 -2.413488 -0.857693 1.322853 -0.771840 2.729396 0.807235 2.225432 -1.022224 -0.376855 -0.461488 -0.967651 -1.328415 -2.122783 0.291304 2.667532 2.521200 -0.144680 0.243695 0.864592 -2.647347 3.040631 -1.371615 -3.403666 0.884002 0.217457 0.078604 -1.164157 2.935317 3.640193 0.512140 -3.210227 -0.811038 -0.823203 
0.000000 0.000000 0.000000 0.000000 0.000000 0.000000 0.000000 0.000000 0.000000 0.000000 0.000000 0.000000 0.000000 0.000000 0.000000 14.126423 -2.060745 -18.241056 -8.097733 3.245222 -2.178304 20.175009 3.923439 18.488171 -11.734243 -0.898525 -3.401303 -8.799388 -16.193264 -15.089565 3.330113 23.180707 18.384701 1.628174 -0.325732 4.334854 -21.010881 27.221022 -13.470677 -30.192144 9.133686 -0.532770 0.254141 -9.982743 26.758976 26.801548 4.679252 -24.268076 -4.717122 -5.169332 
0.000000 0.000000 0.000000 0.000000 0.000000 0.000000 0.000000 0.000000 0.000000 0.000000 0.000000 0.000000 0.000000 0.000000 0.000000 0.000000 -0.130875 -13.663190 -2.284366 12.447351 -8.967409 9.373446 7.614656 -0.147466 3.842041 -2.148017 4.259041 -4.826972 -4.564374 -17.954504 8.045840 6.855321 15.652398 -6.865588 15.051794 -0.819510 -10.173512 9.391909 0.589084 -9.988258 8.008718 3.606698 7.306908 -9.084281 15.266472 11.528296 1.837746 -11.193897 -1.118337 -9.285419 
0.000000 0.000000 0.000000 0.000000 0.000000 0.000000 0.000000 0.000000 0.000000 0.000000 0.000000 0.000000 0.000000 0.000000 0.000000 0.000000 0.000000 -204.925992 -35.412822 185.596668 -135.088123 140.730877 113.272815 -0.182143 53.203958 -33.034793 65.492843 -70.905000 -65.490384 -267.764053 117.825829 104.176108 233.425662 -100.042959 224.883770 -11.433899 -151.835238 146.167687 5.251752 -155.891363 118.710666 51.938514 107.456283 -133.502856 229.122793 172.919144 28.067935 -166.693727 -13.848894 -138.040667 
0.000000 0.000000 0.000000 0.000000 0.000000 0.000000 0.000000 0.000000 0.000000 0.000000 0.000000 0.000000 0.000000 0.000000 0.000000 0.000000 0.000000 0.000000 1.078580 -4.240354 9.925816 -5.746089 -0.128801 -13.493589 5.608489 1.739637 0.782092 -4.373521 -7.237740 2.911453 5.504421 -5.861755 -5.891430 -0.415305 -6.342628 -4.368692 6.098769 -17.290322 11.634871 18.810802 0.354306 4.636974 8.399977 -6.458131 -4.163511 -15.078667 -1.740723 11.082066 -4.289745 3.518281 
0.000000 0.000000 0.000000 0.000000 0.000000 0.000000 0.000000 0.000000 0.000000 0.000000 0.000000 0.000000 0.000000 0.000000 0.000000 0.000000 0.000000 0.000000 0.000000 -15.383299 14.171937 -5.169529 3.526874 -7.209225 -7.155819 -2.485789 -3.169535 -2.175465 -11.276401 9.543831 -7.481064 -5.377411 -19.878754 7.133061 -21.906773 4.793548 2.551953 -20.564185 14.948019 14.312391 -11.339949 -4.264470 1.680705 -5.243191 -19.441213 -14.817423 -4.736030 18.192288 -5.411981 11.576048 
0.000000 0.000000 0.000000 0.000000 0.000000 0.000000 0.000000 0.000000 0.000000 0.000000 0.000000 0.000000 0.000000 0.000000 0.000000 0.000000 0.000000 0.000000 0.000000 0.000000 23.636427 -18.575165 -11.035227 -44.757479 25.768862 10.021996 15.784035 -13.214654 -12.721203 1.268207 34.930726 -15.720052 2.952936 -5.446431 5.037520 -31.065681 26.803314 -37.181235 25.489126 52.660226 16.320100 24.460766 29.460910 -17.688693 15.271615 -47.952024 0.973752 22.988910 -3.142986 -2.358972 
0.000000 0.000000 0.000000 0.000000 0.000000 0.000000 0.000000 0.000000 0.000000 0.000000 0.000000 0.000000 0.000000 0.000000 0.000000 0.000000 0.000000 0.000000 0.000000 0.000000 0.000000 1.330535 -4.800957 -0.719283 6.389399 2.657385 1.878333 -3.477102 2.883976 -1.507109 8.433560 3.202386 7.879136 -0.521849 8.497432 -6.592701 1.547859 7.994058 -4.976347 -0.400851 9.790555 4.226786 3.826227 -0.341379 14.959871 -0.462329 4.867170 -4.133079 -2.344580 -2.114178 
0.000000 0.000000 0.000000 0.000000 0.000000 0.000000 0.000000 0.000000 0.000000 0.000000 0.000000 0.000000 0.000000 0.000000 0.000000 0.000000 0.000000 0.000000 0.000000 0.000000 0.000000 0.000000 -2.472005 -0.307712 -1.506433 0.765703 2.469870 -1.043573 -0.674113 0.141861 -0.235967 1.506511 1.554655 0.034858 4.455821 -3.890454 3.272817 1.152623 -0.824175 -4.267233 -2.046010 -2.717892 -1.041702 3.081495 -0.241113 0.614399 -0.091867 -0.664138 4.818827 -3.003338 
0.000000 0.000000 0.000000 0.000000 0.000000 0.000000 0.000000 0.000000 0.000000 0.000000 0.000000 0.000000 0.000000 0.000000 0.000000 0.000000 0.000000 0.000000 0.000000 0.000000 0.000000 0.000000 0.000000 1.627576 -17.341974 -3.890788 4.473712 1.933958 -3.756221 4.414885 -18.984295 -1.608357 -9.429102 1.951866 -7.974396 2.717287 9.295121 -14.488255 6.310026 -12.607820 -27.054974 -16.867411 -10.183395 12.713679 -31.677372 1.972326 -13.229707 7.381537 17.025735 -1.919991 
0.000000 0.000000 0.000000 0.000000 0.000000 0.000000 0.000000 0.000000 0.000000 0.000000 0.000000 0.000000 0.000000 0.000000 0.000000 0.000000 0.000000 0.000000 0.000000 0.000000 0.000000 0.000000 0.000000 0.000000 25.895717 6.112690 -9.825970 -0.409249 10.008134 -4.964723 30.004870 2.940887 16.427323 -2.924606 6.935488 -4.741127 -15.494328 26.104455 -12.838395 23.569962 45.551930 32.081808 16.122065 -18.450330 54.315133 -4.042695 20.143461 -13.408177 -26.016541 6.954903 
0.000000 0.000000 0.000000 0.000000 0.000000 0.000000 0.000000 0.000000 0.000000 0.000000 0.000000 0.000000 0.000000 0.000000 0.000000 0.000000 0.000000 0.000000 0.000000 0.000000 0.000000 0.000000 0.000000 0.000000 0.000000 -1.444047 -3.681517 3.621033 0.837993 0.738404 -0.328096 -3.073126 4.017851 -3.882295 -4.931929 -7.981692 3.068522 -8.022647 5.398667 8.498887 -2.044311 6.003524 -0.590671 7.488426 -2.235971 -4.393416 -11.015992 1.327884 10.923287 1.825568 
0.000000 0.000000 0.000000 0.000000 0.000000 0.000000 0.000000 0.000000 0.000000 0.000000 0.000000 0.000000 0.000000 0.000000 0.000000 0.000000 0.000000 0.000000 0.000000 0.000000 0.000000 0.000000 0.000000 0.000000 0.000000 0.000000 -19.710169 20.185176 10.602520 3.556706 8.134079 -6.544950 27.157919 -19.821262 -17.217184 -38.842347 7.709274 -6.884508 7.723543 39.736678 14.850678 42.100651 2.442468 27.260334 20.538075 -18.534150 -33.696373 -8.864661 42.062063 13.849074 
0.000000 0.000000 0.000000 0.000000 0.000000 0.000000 0.000000 0.000000 0.000000 0.000000 0.000000 0.000000 0.000000 0.000000 0.000000 0.000000 0.000000 0.000000 0.000000 0.000000 0.000000 0.000000 0.000000 0.000000 0.000000 0.000000 0.000000 6.979006 18.605219 1.791791 9.546567 2.630079 7.078507 5.999947 -12.271273 5.018506 -3.563957 19.606856 -14.295194 8.640943 21.534223 19.672920 6.332182 -10.026774 30.784420 -6.305473 8.526825 -3.520892 -15.498361 13.417843 
0.000000 0.000000 0.000000 0.000000 0.000000 0.000000 0.000000 0.000000 0.000000 0.000000 0.000000 0.000000 0.000000 0.000000 0.000000 0.000000 0.000000 0.000000 0.000000 0.000000 0.000000 0.000000 0.000000 0.000000 0.000000 0.000000 0.000000 0.000000 1.663630 -0.376103 2.442305 -1.208003 -3.680716 3.026749 -11.826616 10.006181 -5.033244 1.379609 -3.422531 5.020156 5.732079 5.948581 2.496497 -6.985471 6.217562 -3.428888 3.131950 1.216205 -12.557947 8.577765 
0.000000 0.000000 0.000000 0.000000 0.000000 0.000000 0.000000 0.000000 0.000000 0.000000 0.000000 0.000000 0.000000 0.000000 0.000000 0.000000 0.000000 0.000000 0.000000 0.000000 0.000000 0.000000 0.000000 0.000000 0.000000 0.000000 0.000000 0.000000 0.000000 0.251897 2.813349 11.015552 16.729540 -5.991151 32.282554 -28.513997 5.496685 13.387120 -1.192310 -14.941947 1.124222 -5.785210 -2.113452 11.004868 9.918525 7.715127 1.864401 -10.008902 25.670165 -18.981144 
0.000000 0.000000 0.000000 0.000000 0.000000 0.000000 0.000000 0.000000 0.000000 0.000000 0.000000 0.000000 0.000000 0.000000 0.000000 0.000000 0.000000 0.000000 0.000000 0.000000 0.000000 0.000000 0.000000 0.000000 0.000000 0.000000 0.000000 0.000000 0.000000 0.000000 -50.728408 -172.979752 -250.425297 88.374114 -477.172222 415.992069 -64.886912 -224.895406 31.553500 228.980466 -38.745885 75.964329 27.791831 -152.530884 -178.855666 -112.500837 -44.773398 156.872747 -364.240196 269.262172 
0.000000 0.000000 0.000000 0.000000 0.000000 0.000000 0.000000 0.000000 0.000000 0.000000 0.000000 0.000000 0.000000 0.000000 0.000000 0.000000 0.000000 0.000000 0.000000 0.000000 0.000000 0.000000 0.000000 0.000000 0.000000 0.000000 0.000000 0.000000 0.000000 0.000000 0.000000 62.652358 83.427394 -35.095720 194.380136 -151.656108 35.699903 81.218773 -7.204206 -106.720789 -9.009878 -59.140382 -18.310137 68.627851 30.370826 55.695906 17.705964 -52.301646 143.395694 -111.976603 
0.000000 0.000000 0.000000 0.000000 0.000000 0.000000 0.000000 0.000000 0.000000 0.000000 0.000000 0.000000 0.000000 0.000000 0.000000 0.000000 0.000000 0.000000 0.000000 0.000000 0.000000 0.000000 0.000000 0.000000 0.000000 0.000000 0.000000 0.000000 0.000000 0.000000 0.000000 0.000000 -16.417405 8.674421 -13.114801 28.164773 -12.583681 13.201202 -9.785762 -10.775924 4.307256 -2.707829 -1.075566 -15.307457 1.860529 1.420977 17.627179 2.756504 -27.317869 12.626831 
0.000000 0.000000 0.000000 0.000000 0.000000 0.000000 0.000000 0.000000 0.000000 0.000000 0.000000 0.000000 0.000000 0.000000 0.000000 0.000000 0.000000 0.000000 0.000000 0.000000 0.000000 0.000000 0.000000 0.000000 0.000000 0.000000 0.000000 0.000000 0.000000 0.000000 0.000000 0.000000 0.000000 -0.196999 -5.234562 -1.702918 1.217166 -3.268086 -1.356362 6.153595 2.870039 1.212172 1.710566 -2.618740 4.760412 -2.436702 -0.006897 1.408964 -1.295217 1.101278 
0.000000 0.000000 0.000000 0.000000 0.000000 0.000000 0.000000 0.000000 0.000000 0.000000 0.000000 0.000000 0.000000 0.000000 0.000000 0.000000 0.000000 0.000000 0.000000 0.000000 0.000000 0.000000 0.000000 0.000000 0.000000 0.000000 0.000000 0.000000 0.000000 0.000000 0.000000 0.000000 0.000000 0.000000 -83.339264 -33.636833 26.241150 -55.329036 -28.207247 101.316949 49.962982 11.187315 28.172085 -53.176148 80.942130 -41.431478 6.370375 24.977208 -17.608544 8.650139 
0.000000 0.000000 0.000000 0.000000 0.000000 0.000000 0.000000 0.000000 0.000000 0.000000 0.000000 0.000000 0.000000 0.000000 0.000000 0.000000 0.000000 0.000000 0.000000 0.000000 0.000000 0.000000 0.000000 0.000000 0.000000 0.000000 0.000000 0.000000 0.000000 0.000000 0.000000 0.000000 0.000000 0.000000 0.000000 0.656821 0.249333 -4.050437 8.775132 -4.808004 -10.416139 0.410864 -3.076749 6.861013 -11.436665 2.164262 -6.027033 2.626448 1.945542 0.346418 
0.000000 0.000000 0.000000 0.000000 0.000000 0.000000 0.000000 0.000000 0.000000 0.000000 0.000000 0.000000 0.000000 0.000000 0.000000 0.000000 0.000000 0.000000 0.000000 0.000000 0.000000 0.000000 0.000000 0.000000 0.000000 0.000000 0.000000 0.000000 0.000000 0.000000 0.000000 0.000000 0.000000 0.000000 0.000000 0.000000 -5.635109 24.997859 -39.625408 15.128135 49.388875 -3.106266 13.080955 -29.172644 47.775731 -11.643177 27.185211 -14.690854 -13.762651 4.170380 
0.000000 0.000000 0.000000 0.000000 0.000000 0.000000 0.000000 0.000000 0.000000 0.000000 0.000000 0.000000 0.000000 0.000000 0.000000 0.000000 0.000000 0.000000 0.000000 0.000000 0.000000 0.000000 0.000000 0.000000 0.000000 0.000000 0.000000 0.000000 0.000000 0.000000 0.000000 0.000000 0.000000 0.000000 0.000000 0.000000 0.000000 -19.209087 40.695660 -16.885666 -43.780465 1.910521 -10.457835 32.003826 -49.680961 11.169645 -28.993398 8.062930 7.449025 2.089879 
0.000000 0.000000 0.000000 0.000000 0.000000 0.000000 0.000000 0.000000 0.000000 0.000000 0.000000 0.000000 0.000000 0.000000 0.000000 0.000000 0.000000 0.000000 0.000000 0.000000 0.000000 0.000000 0.000000 0.000000 0.000000 0.000000 0.000000 0.000000 0.000000 0.000000 0.000000 0.000000 0.000000 0.000000 0.000000 0.000000 0.000000 0.000000 18.088939 -22.045082 -23.572579 -5.619469 -8.043740 19.200862 -30.238705 -2.592086 -12.635618 7.805179 8.220144 7.006760 
0.000000 0.000000 0.000000 0.000000 0.000000 0.000000 0.000000 0.000000 0.000000 0.000000 0.000000 0.000000 0.000000 0.000000 0.000000 0.000000 0.000000 0.000000 0.000000 0.000000 0.000000 0.000000 0.000000 0.000000 0.000000 0.000000 0.000000 0.000000 0.000000 0.000000 0.000000 0.000000 0.000000 0.000000 0.000000 0.000000 0.000000 0.000000 0.000000 10.283272 5.625758 1.357073 2.143340 -5.919467 8.156746 1.014498 3.796537 -2.876903 4.620245 -3.167624 
0.000000 0.000000 0.000000 0.000000 0.000000 0.000000 0.000000 0.000000 0.000000 0.000000 0.000000 0.000000 0.000000 0.000000 0.000000 0.000000 0.000000 0.000000 0.000000 0.000000 0.000000 0.000000 0.000000 0.000000 0.000000 0.000000 0.000000 0.000000 0.000000 0.000000 0.000000 0.000000 0.000000 0.000000 0.000000 0.000000 0.000000 0.000000 0.000000 0.000000 -0.300377 3.217060 -2.392725 0.289271 -2.224725 -0.240903 -3.152157 3.029524 3.904111 0.937495 
0.000000 0.000000 0.000000 0.000000 0.000000 0.000000 0.000000 0.000000 0.000000 0.000000 0.000000 0.000000 0.000000 0.000000 0.000000 0.000000 0.000000 0.000000 0.000000 0.000000 0.000000 0.000000 0.000000 0.000000 0.000000 0.000000 0.000000 0.000000 0.000000 0.000000 0.000000 0.000000 0.000000 0.000000 0.000000 0.000000 0.000000 0.000000 0.000000 0.000000 0.000000 37.085747 -33.301914 -2.660800 -23.978621 -4.173896 -35.104423 38.342011 51.520239 9.177384 
0.000000 0.000000 0.000000 0.000000 0.000000 0.000000 0.000000 0.000000 0.000000 0.000000 0.000000 0.000000 0.000000 0.000000 0.000000 0.000000 0.000000 0.000000 0.000000 0.000000 0.000000 0.000000 0.000000 0.000000 0.000000 0.000000 0.000000 0.000000 0.000000 0.000000 0.000000 0.000000 0.000000 0.000000 0.000000 0.000000 0.000000 0.000000 0.000000 0.000000 0.000000 0.000000 4.404813 4.197707 -4.979807 -5.018731 -0.865200 0.026594 -3.835758 4.519272 
0.000000 0.000000 0.000000 0.000000 0.000000 0.000000 0.000000 0.000000 0.000000 0.000000 0.000000 0.000000 0.000000 0.000000 0.000000 0.000000 0.000000 0.000000 0.000000 0.000000 0.000000 0.000000 0.000000 0.000000 0.000000 0.000000 0.000000 0.000000 0.000000 0.000000 0.000000 0.000000 0.000000 0.000000 0.000000 0.000000 0.000000 0.000000 0.000000 0.000000 0.000000 0.000000 0.000000 -2.196088 -12.596081 -10.114686 1.206169 1.505766 1.831724 3.310048 
0.000000 0.000000 0.000000 0.000000 0.000000 0.000000 0.000000 0.000000 0.000000 0.000000 0.000000 0.000000 0.000000 0.000000 0.000000 0.000000 0.000000 0.000000 0.000000 0.000000 0.000000 0.000000 0.000000 0.000000 0.000000 0.000000 0.000000 0.000000 0.000000 0.000000 0.000000 0.000000 0.000000 0.000000 0.000000 0.000000 0.000000 0.000000 0.000000 0.000000 0.000000 0.000000 0.000000 0.000000 6.427821 19.747413 -1.485217 -9.385331 -17.080686 -3.388128 
0.000000 0.000000 0.000000 0.000000 0.000000 0.000000 0.000000 0.000000 0.000000 0.000000 0.000000 0.000000 0.000000 0.000000 0.000000 0.000000 0.000000 0.000000 0.000000 0.000000 0.000000 0.000000 0.000000 0.000000 0.000000 0.000000 0.000000 0.000000 0.000000 0.000000 0.000000 0.000000 0.000000 0.000000 0.000000 0.000000 0.000000 0.000000 0.000000 0.000000 0.000000 0.000000 0.000000 0.000000 0.000000 131.500026 -18.954857 -74.307846 -135.094525 -14.063183 
0.000000 0.000000 0.000000 0.000000 0.000000 0.000000 0.000000 0.000000 0.000000 0.000000 0.000000 0.000000 0.000000 0.000000 0.000000 0.000000 0.000000 0.000000 0.000000 0.000000 0.000000 0.000000 0.000000 0.000000 0.000000 0.000000 0.000000 0.000000 0.000000 0.000000 0.000000 0.000000 0.000000 0.000000 0.000000 0.000000 0.000000 0.000000 0.000000 0.000000 0.000000 0.000000 0.000000 0.000000 0.000000 0.000000 2.767764 3.674086 -4.147081 2.516246 
0.000000 0.000000 0.000000 0.000000 0.000000 0.000000 0.000000 0.000000 0.000000 0.000000 0.000000 0.000000 0.000000 0.000000 0.000000 0.000000 0.000000 0.000000 0.000000 0.000000 0.000000 0.000000 0.000000 0.000000 0.000000 0.000000 0.000000 0.000000 0.000000 0.000000 0.000000 0.000000 0.000000 0.000000 0.000000 0.000000 0.000000 0.000000 0.000000 0.000000 0.000000 0.000000 0.000000 0.000000 0.000000 0.000000 0.000000 7.889597 5.001859 -1.674409 
0.000000 0.000000 0.000000 0.000000 0.000000 0.000000 0.000000 0.000000 0.000000 0.000000 0.000000 0.000000 0.000000 0.000000 0.000000 0.000000 0.000000 0.000000 0.000000 0.000000 0.000000 0.000000 0.000000 0.000000 0.000000 0.000000 0.000000 0.000000 0.000000 0.000000 0.000000 0.000000 0.000000 0.000000 0.000000 0.000000 0.000000 0.000000 0.000000 0.000000 0.000000 0.000000 0.000000 0.000000 0.000000 0.000000 0.000000 0.000000 -7.507509 4.467463 
0.000000 0.000000 0.000000 0.000000 0.000000 0.000000 0.000000 0.000000 0.000000 0.000000 0.000000 0.000000 0.000000 0.000000 0.000000 0.000000 0.000000 0.000000 0.000000 0.000000 0.000000 0.000000 0.000000 0.000000 0.000000 0.000000 0.000000 0.000000 0.000000 0.000000 0.000000 0.000000 0.000000 0.000000 0.000000 0.000000 0.000000 0.000000 0.000000 0.000000 0.000000 0.000000 0.000000 0.000000 0.000000 0.000000 0.000000 0.000000 0.000000 2.471462 
0.754604
-1.556564
1.913169
0.206873
-1.362958
-0.942852
3.343529
0.156075
0.165595
-0.058929
-1.223717
2.215000
0.580359
3.097891
-1.212026
2.895500
-0.695450
-0.114837
2.075714
0.607858
0.035967
2.940758
0.719218
-1.569420
-2.371403
-0.592617
-0.683042
-2.072359
1.067910
-2.028705
0.396936
-2.042350
-0.463014
-0.220289
-0.322916
-1.091511
-1.564603
1.759774
0.053533
1.296338
0.838491
0.574907
-2.010359
2.811577
-0.767998
-0.353806
1.754390
1.396490
-1.301179
-2.405554
