10
1.000000 0.000000 0.000000 0.000000 0.000000 0.000000 0.000000 0.000000 0.000000 0.000000 
0.074627 1.000000 0.000000 0.000000 0.000000 0.000000 0.000000 0.000000 0.000000 0.000000 
1.268657 -0.124715 1.000000 0.000000 0.000000 0.000000 0.000000 0.000000 0.000000 0.000000 
1.171642 0.085870 7.740590 1.000000 0.000000 0.000000 0.000000 0.000000 0.000000 0.000000 
1.776119 -1.715264 30.232992 3.507074 1.000000 0.000000 0.000000 0.000000 0.000000 0.000000 
0.007463 0.981472 0.081089 0.203439 0.404224 1.000000 0.000000 0.000000 0.000000 0.000000 
1.276119 0.285763 0.336950 0.032995 -0.974884 -1.704938 1.000000 0.000000 0.000000 0.000000 
2.261194 -2.288959 39.036076 4.308748 -0.095270 -2.458205 0.526304 1.000000 0.000000 0.000000 
0.462687 0.300411 7.430045 0.894631 0.588946 1.172822 3.708758 302.146451 1.000000 0.000000 
0.358209 0.049536 6.335218 0.943311 1.550239 2.885401 3.053847 304.434531 1.012380 1.000000 
134.000000 199.000000 49.000000 137.000000 159.000000 143.000000 103.000000 148.000000 115.000000 110.000000 
0.000000 196.149254 275.343284 28.776119 54.134328 51.328358 111.313433 96.955224 240.417910 201.791045 
0.000000 0.000000 17.175164 -110.217166 -23.965074 80.983488 70.210775 94.330543 125.088114 179.614062 
0.000000 0.000000 0.000000 942.159967 178.564264 -549.812302 -364.710375 -901.902559 -972.639228 -1291.527140 
0.000000 0.000000 0.000000 0.000000 141.749426 -647.083946 -574.623776 417.582849 -39.543470 -574.037077 
0.000000 0.000000 0.000000 0.000000 0.000000 412.408654 367.759990 16.772750 50.892320 483.348645 
0.000000 0.000000 0.000000 0.000000 0.000000 0.000000 -99.057186 367.092500 72.704988 111.514682 
0.000000 0.000000 0.000000 0.000000 0.000000 0.000000 0.000000 -5.142129 -254.751248 129.387411 
0.000000 0.000000 0.000000 0.000000 0.000000 0.000000 0.000000 0.000000 76657.451940 -39746.948767 
0.000000 0.000000 0.000000 0.000000 0.000000 0.000000 0.000000 0.000000 0.000000 287.714628 
0.675352
-0.570779
1.538124
-1.412419
0.640222
1.334341
0.652161
0.682359
0.500771
-2.092139
